-2.031438683804212
-3.3669315385723566
1.1887119085970053
1.5859149201019418
-1.1918499300053504
-1.2958633857817583
0.33920692345060455
0.758033945928819
-0.9416725702875697
0.5465705300526367
0.2585725845025304
0.8330451019037257
-1.6143679611853319
-1.3003678370143628
0.4626134458866682
-1.0478251779976566
-0.9746652619884406
-2.1197824447982203
-0.6559755338023496
-3.4443555677752737
-5.218372411568839
0.12262818080740323
1.33460206091158
1.5586603779902612
-3.0936617559597
-1.6740588564931347
-1.3407389440493143
-0.3375061564608597
0.9288294570865627
-2.7053181062226104
1.3893300989707325
-2.7572230215180067
-1.800930556977372
-1.4939381300166699
-2.23313023779349
-1.9318194686019567
-1.5260310411472369
-0.39550379247669865
-4.382554143240524
-0.41128394935942314
-2.089841125736794
1.948763903997845
1.5250835537873366
-0.37456425880800426
-3.1240407390969116
0.8075450700860973
1.204908281864535
-0.9185822879431718
-1.5477980306829595
-1.374980135675739
1.4620438592322254
1.0544226412852553
0.9852476059701925
1.338213786112911
0.23520293038141293
-2.608135912308329
1.6425124856269098
-3.1944541597040015
0.12859526497247042
-0.7744771735503044
0.16473557003413508
-3.3763119918910096
-0.579605024010859
-3.1904930315193774
-0.03088517073242647
-0.7777344555363612
-2.7377702049900083
1.8630035154825622
0.49661819653220873
-0.13156105624116998
-4.49992654478978
1.1661482444457616
-0.05521767473425987
-0.8663442212946721
-0.03456329582584683
1.1553385032919872
-4.110185485290816
-0.7272013497081757
1.548967805911933
-0.3047800929175004
-5.527117900759926
0.4782294130671234
-0.7393389017817968
-0.08643078771566248
0.7410173842164727
-2.888064171400761
0.3383659312924072
0.6500254674120531
-0.3153360211233931
0.9281036756031318
-0.020807956154438756
0.6922243860040986
0.28223791729758174
-0.7357600806600497
-4.338012181237753
1.4747869619861653
-3.9252884741666296
-1.4838375491681548
-1.3239219492507317
1.5181588396810402
-0.6451619072738972
0.3530149334926862
1.641141097863743
-0.7144681688178594
-2.1197283336942805
1.3939819387321535
-0.7246423155805366
-1.8920427277475564
0.4067515681652769
-0.31995003068889183
-3.0034972190180476
-1.1420499949257366
0.48240292782377736
-0.32165190379068154
-3.6090998723845873
0.18493102176403187
-2.4822728298779326
-1.1729521471272215
1.1237625870688857
-0.7859887900262099
-0.43671497711664475
-2.762568046032854
-0.23068368951200124
-1.431057899998713
1.2652052576670236
-2.005685242656571
-5.26225700260762
1.0201211520676639
-3.970861162175205
1.848266183533237
-1.8820514215261523
1.0707514602807287
-0.5993534492468511
0.08750039104707175
1.7081676619582156
-0.10357595796183983
-2.5271096732124114
0.4127092252438447
-0.6056841984255761
-4.773715715956982
-1.2135891190087822
-1.3701041973525525
-3.1159896652119405
0.6280613480086541
-0.12251080117926794
1.057311845971478
0.4684708479063546
1.476227570148949
-3.2847484191907697
-2.0415771465836263
0.7981558403838969
-1.1722641210900395
0.2727065028831357
-1.707909423807255
1.5802015942335434
-0.8723827046200445
-1.2513168199475642
-0.047820147505588384
-1.6444147132339735
-1.8840401990523854
1.876815296195407
-1.972327036267178
1.2765766760206878
-0.44497200625859
-1.8760735358302614
0.20141564560362468
-0.8287456615864874
-2.3928662371651432
1.130527973749655
1.7680406623337015
-0.2662081064798656
-1.1563144534187284
0.27582217293248856
1.2809612269480124
-1.3146412359422959
-2.44268294009398
-1.357273392441937
0.714616506322149
0.4599000015114356
-3.608381396057297
-0.11165339608361435
1.0830618420291063
-2.1392718210540442
-1.2726699966311061
-3.899638426099491
-1.9880588707885494
0.886953113726267
-1.4635324191568064
-1.5219088495385877
0.3960044378881158
-0.7035762321824128
-0.6791922052346262
-1.1484282208029484
-1.797060703778278
-1.1474412466566695
-1.5265273010060278
1.7356586927673785
-1.228137655989027
-1.402789277497706
-1.6650747810228226
-0.24394382703969697
-2.155753237353049
-3.701514299579726
-1.8687271454957362
-2.561094261616482
-2.7744374682077346
1.7844458269208663
0.4712912973827472
-1.9488708199660256
-1.9399362382414491
-0.751490370482903
-0.5848320104455031
-0.4974419439648967
-1.9762368964550703
1.314525027210526
-0.4035438829717921
-0.18855082084596164
-1.4283115462526172
-1.7191138757143083
-0.36528379544285583
-3.7549188985280146
0.10062244399989839
-2.115271188972767
-0.3510738692525708
-0.3916086791084359
-1.1084059226354843
0.19753489594826612
-1.2254685092086595
-0.30921771613542814
-2.120287788302541
-1.2669341187686385
-2.0365370057913124
0.20249784233376755
-1.178104985574436
-0.5234938148502692
0.11665786024442415
-0.749519522895731
1.4273485813755986
-1.18818980166985
0.9426760990288123
-1.3293634734323847
-1.7520546530424763
-3.2845482211929085
0.5207177811327883
-1.978912763306988
-0.8687847689327368
1.5336412243200925
1.615356579097187
-0.7236000833472533
-0.2652954960879863
-2.6476060695234676
0.05513894245481654
-1.218995795515657
-2.550840291341035
0.40462974699079113
-3.576436324315572
1.4478595847692204
0.6585712087515112
-0.4030261695489106
-0.08485161672411712
-1.0390260067679602
0.7804400977916959
-1.2856041855147047
0.5638876724779278
1.6927600920208994
1.1212069877311235
0.028312416936335794
0.4826895531942912
-0.9918334301494665
-2.551264153075289
1.7546345880927263
1.5130793747145765
-2.0139006212427324
-1.989412864206229
-1.1669853506963626
-0.4051684849637738
-1.954648773423055
0.45827521489166
1.8379281324943018
-4.143817911255151
0.15385651187230387
0.8341235629493764
1.5125984221903206
-0.6453548870791361
1.349540069223003
-1.9086209679257067
-3.8562801231048844
-0.1168692176129702
-2.4543195343180138
-1.7886974519765269
0.25215243148011224
-0.07266150082473821
1.8133867297911952
1.6515372727613362
0.7010934402164084
0.8722208783426586
-1.695175493018131
-2.419351661802277
-2.1239800184319426
1.8794615167624018
1.2956097656252936
1.9915558902942159
0.8772215358786644
-0.03888510180178084
-0.4496844031203038
0.2356719645150418
0.6146806398736784
1.006469528001348
0.35325976256162006
-2.7361603041144607
-2.4959745602915824
-0.809555363534316
-1.017687602378881
1.0601913465250636
-1.0189634815882869
-0.041520627212365824
-5.338065061050543
-2.027790002744145
1.2030991561582054
-2.7434248308269513
0.271135183642929
1.83592195739314
0.057756784076033796
0.20409920846595342
-3.401728330004964
-0.6666645729847964
1.905755550855188
0.7619081386287994
0.5127368724377199
-1.7253756311639306
-1.8042235878184614
-0.844174978013359
-1.965591017850123
-0.5531784250226686
-2.011518652844398
-2.5670427061974666
-1.8582363604861998
-2.518060190610611
-0.7591764745280574
1.187670723766352
-2.79093315255301
1.2763322314340257
0.9790854362589589
-5.6903980468100865
-1.5929506223057768
-0.7724994555540099
-1.2560819395220713
0.9653631372703562
-1.8594236954613392
-1.4062725988713445
-0.988817922501446
-3.136463070746636
1.365626029520336
1.8324656979602973
1.7371463721209706
-2.2213991868846747
0.5737324124315089
-0.9405292844482922
-4.205494202408472
1.521258696704331
-3.8859281933088354
-1.1288517258805761
-1.104875948466037
-2.1322397783905807
-3.6669948650495066
-3.813553041420665
-3.2609076305030484
-4.306974362874968
0.946879600817268
0.3716849251165757
0.7639648076802903
-1.3161490685254282
0.766014812686044
-2.8508304051945705
-2.2182089629643666
-0.15859615838608665
0.8552353864880577
1.823043978068029
-1.941857182936578
-4.379128929813387
-0.4524804411840777
-1.4275655817293695
-1.2965443444634026
0.5040595511936725
-1.582575359701476
-0.7709531773031331
0.1076099240810211
-1.0141183664016857
0.9395693868712702
0.7056217937098737
-2.844541842187126
-2.08294658951783
-2.8736678976364267
-2.3750501212378987
-0.8748971393132847
0.7324210003846792
-1.0573303583715226
0.9452938378763385
-1.9569784138185087
-1.8077744794583248
0.49972689967032524
-2.1671797052107102
1.426919318937078
1.9572278371720024
-0.45508568475096567
-2.785153788934542
1.1667337568325624
1.4951613691027728
-0.2734151685533712
-2.269309590434621
-0.9560584899608915
0.9368600158859695
-1.8473418197310623
0.9695126068574176
-2.4800976808104185
1.6047870184736497
-0.9922750014952979
-1.7723421316841517
0.9039164985437669
0.7780554204286161
-1.2146409462302605
-0.6653895334380406
-2.64533915922188
-0.8250171517892282
-0.2917859077256493
1.5187129322571074
-0.15201370822144122
0.22628678013822934
-5.309836253067369
-1.861949073310643
-1.0697704300932327
-1.612496797890123
-2.6855930441801057
-5.701531808694671
-3.528505786190575
-2.163770187194169
0.2661708090174182
-0.310920396930948
1.1805230217124048
-4.116297643911834
-2.6279634624401833
-1.2800931875367474
1.373563415411931
0.2566235620378472
-0.47844997294875036
-1.1524544144007445
-0.01914498528868691
-1.87512984029004
-0.014100243483624375
0.9508530389037015
-1.3177074916551188
0.5917463658611197
-3.276637331514216
1.7543399690801647
1.1305374513020334
-1.9888291694490339
-1.8723903190749924
-0.38576372572570783
-1.4811578056446812
-4.919338145788899
1.6040902729811597
-4.758014871829765
-1.3002924064521606
1.3284614701964501
-0.9300420581240765
1.8735151890007773
-2.0504002311320573
-0.32127720825538963
-1.2154424795667924
-0.9841035276510617
-0.12011828501768607
-0.7074769187222962
1.9055970878229926
0.21215377138782143
-1.157537413502956
-1.2497166662202357
1.5397269143464745
-0.8493966332806626
-2.5543246995513567
0.7464671087136783
1.2855059385638068
-1.10821205185905
1.1241703715082898
-2.470157355375287
1.8611470962471568
0.3306047275166626
1.2461447694149173
-0.04209940866727857
-4.972280128503567
-1.4696326314725425
-4.014418284970914
-1.4830854175902513
0.5636719850317373
-2.3424292543394856
-1.2828723398576267
0.7675028450146513
0.061045836539723286
0.9937512216630235
-1.4024475829175653
1.485442327260853
-2.2958031290940886
0.309611987083829
0.5004484673145315
-0.1343532437717947
1.0054355881759651
-1.1773763436047586
-3.4851239255269384
-1.4352596611251007
0.9488733481558871
-0.32057926392633007
-2.073046308902045
-0.8202889043257846
-0.21044379193513318
-0.09379748261932397
-0.7191808760343505
-2.356728244570725
-1.3767886367587119
1.4300593986845076
1.3884421289224984
1.3947967048342602
-2.0738199018207286
-4.087318542258
-0.35188310763423125
-2.5021973085316978
0.9576102795738723
-0.14819125507333553
0.48561151522861046
-0.3611423649221157
-1.4284658621310031
-2.3918842274214276
-0.35667484903215074
1.419519053031895
0.34714928060562444
-0.2829443854886926
-0.36158029520832313
1.4866693624863603
-1.1866714010424664
1.239681031854715
0.3466311299439533
1.6382094006564665
0.2790343212388615
0.988415273347619
1.312253484776949
0.7419480458091825
1.4475908430304307
-1.6770107203373321
-0.4904717393679099
-2.616002963118744
0.9465256602622207
-0.5193279445025611
-1.6086163638454143
1.8951840560859514
0.2960333162961053
0.9933470974159408
1.5366748471639458
1.462811121077833
-2.3382013802739845
1.616664276053975
-1.8558877712666186
-1.5124389712281494
-0.5700059289421775
0.21631922530044845
0.8472738489620837
0.43046687375993264
1.3321164913328603
1.5715786913874064
-0.24500573130237813
0.11255853393689463
-0.9920318923946629
-2.4678500396864074
1.6366944223918936
0.7993622845117938
-2.7318554817165097
-1.1549752542695693
0.9282327490981164
1.166908471447197
-1.8617917728684423
-4.315517046144645
0.9362459767068108
1.7583799132181823
-2.591789532020856
-1.915092920613512
-2.3589411750946834
-4.21993576901869E-4
1.5526447194246853
1.834091099382596
-0.4939385159081868
1.536051167392956
-0.9353031671453738
-1.9480639198118195
0.07802184580572225
-0.19965100362322463
-0.04593493504782842
-2.859726412024375
0.23810185307694232
-1.504003136191527
1.0495692452906642
-2.2267340546760437
-1.3204570605106798
1.988293026287308
-2.2187384123588654
-0.29542693674878695
-0.8651151617227715
-2.0676272737304817
0.0863768279342485
-2.0047599418092164
-0.6537135075953446
-1.9588354061841748
-3.039591959668946
-0.22798666638368292
-0.8953907695563776
0.24266223967092637
1.188742938094462
-0.08940092158712254
-0.9708009344451938
-4.899671902065901
-5.595625843639542
1.472668352428756
-4.795347612384136
-2.2302757825611517
1.9495032032152197
-1.498859205684829
1.542594930946595
-1.5913594275886553
-3.5187738443511636
-0.8107151947083082
-1.4634134026472672
-3.838574383757816
1.5835838289768647
1.449378386275346
-1.5086325545479546
0.9965796183832902
-2.6298364618071854
-0.7386529711256076
-1.8175388968762096
1.7078678337323097
0.7598779067700554
-1.4438061134520117
-1.2695915908621513
-1.1143056569655996
-0.42199006272954254
1.3982017223908922
-0.16447219904422195
1.6118460593009374
-4.981442058139387
-0.1633980572309368
0.6120374501829415
-0.9681425120938618
-1.5373506602330362
-2.912880718718788
-1.5841736501909573
-0.4540840469573797
-1.0444609173446144
-1.4926498627623204
-3.6419780868209592
-3.372033032185178
-0.5486782581613032
0.19436583267576002
-2.416791130555268
-1.449230870498209
-0.7780434192629704
1.4498482117961475
0.4597706375362942
-2.580140345094385
-1.02097157494891
1.9871982692491719
1.3292211725727094
-1.6249603134968815
1.2448858829088487
0.10396315143949142
0.5465695273639728
-1.9137946780431259
-0.5601244169124278
-3.010154757224935
-1.0870224013482472
-0.3298117108723093
-1.9930060022676086
0.7263889554123599
0.7082803599512897
-1.5254577400145966
-1.8577680932480445
0.9924259104505213
0.7959206100019949
1.098248294009763
-4.20064425957901
-0.4158881680617772
1.8458341899263737
1.3703195373645172
-1.3816618051600686
-0.20563305112049513
-1.6767501102389177
0.21588785938083088
1.7282032889129209
0.050725197765394414
-2.0081255371251503
-0.41535114644691484
0.2643466817998037
0.44397487064251995
-3.2370688746306477
0.04764392160653319
1.6697974078406408
-0.3336325262158035
-0.6610262085074483
-0.7475186858214848
1.1117434220603628
-0.6135890217890139
-2.5053838897101546
-0.943363340989174
-1.5316351608983902
-1.9335045351927533
-2.1960569179169163
-0.5363167581105639
1.5477192894310279
-0.05110239827673002
0.9418518479159399
-1.7952508739321695
0.4348417114056182
-0.5116443205861461
-2.7754921319730617
-2.3142821774578746
-2.6586659360679414
-1.0062455789418037
-0.028152799527080052
-2.3559798110923964
0.0780319230444273
0.0738087536105081
-4.34267947521
-0.7460939993813298
-3.4905674183984194
1.1248851455183526
1.2196521613284717
-2.8359407435131336
0.7165999999544728
-0.4137781901574229
-4.076744924413482
0.21499040858134322
1.1394206058379872
0.45705673261302837
0.31111904435825477
0.13961487893752955
-2.509719405014369
0.09957493921731753
0.5581560114219375
-1.3736623480190904
-4.60609459675835
0.21346288829205995
-1.9338479820438454
1.6809796647254482
1.410926597293342
-0.7709177998543582
-3.677950622155098
1.674846179637575
1.8196760954152174
-1.238948230022225
-1.8313030271849762
-5.498673914832921
-1.2807352159592624
1.4980687051285104
-5.179729904454674
1.6201992202287792
1.0379209722646925
1.2676306077776818
-1.1854659685275628
1.5332209246997648
1.4920834375953116
1.322543732071457
-4.520351871198681
0.13939310227497148
-4.694051807657886
-3.616619115132808
-0.9270516126648762
0.6198347556977093
1.4124341529024704
1.9341430116055611
-2.262380514690256
-0.11157858292797318
-3.5512315174217814
-1.8697967424854256
0.511824495089277
-1.980933492569477
-2.712997209902502
-1.9712227185110276
1.8466361615658877
0.9649233114696054
-2.202538228830756
-4.24486678362911
-0.3247465853325906
0.8533511831795928
-0.1135243813432445
-1.2651487489533335
-1.3799359897442853
-0.23809723231525215
1.9931008578974567
-2.0855340275785146
1.0498238419721053
-2.8914496459698196
-1.7927957699696
-1.5248627035695015
-1.3113812105960223
1.1345744163560125
-1.2692840945642572
1.2345555432297646
0.7661112965343171
1.3572956272061125
-0.2856278486821706
0.39066826921775344
-1.5888740552975422
0.766203714408249
1.3899324121185317
-0.12123536600083584
1.6940953754800505
1.0999854197403016
0.21159123579440897
-1.4218704779661464
-0.7631649284205606
-1.7579686322980668
1.0732177879406253
0.3333816491883397
-1.6848722975497594
1.5300870670361228
0.6997254553267402
-2.768257807784
-0.25254927558563756
-0.5624819116573203
-1.109251825170745
-1.4918125387022498
-0.37004913911712833
1.9654703431070555
-1.8667236136436323
-0.6588827039088287
-3.569065259610146
-1.9778439708887552
-4.021816040920895
0.025033309322816777
0.9723533401376918
0.5276789204718502
1.0952915404991463
0.38943428828445237
-1.7804354698577085
-4.252281457922871
-2.068263285575836
-2.7151124101941733
-0.8122690878611767
-0.9345769019644594
1.1477832810393958
-3.74603959130544
0.547910018964068
1.5286101023916678
-0.5103051347760101
-0.8120777199844511
0.9757592606104619
1.9352145415865603
-5.647719193581459
1.008265491407656
-2.9759241167679917
0.0015836795714119223
-1.7994706337071547
0.6176203041490325
0.9374229209114655
0.8601836299482906
1.2782456771418045
0.5474682060008036
-2.6733902950621093
-1.6407021295771753
-1.641264125052734
-1.5927434032858265
0.2768513841720672
1.647395477921123
-0.07364397186127647
1.638733442224422
-1.939886290387792
1.0477101087127114
-1.2804311346206432
0.6779651386407637
-0.6584130696787738
1.1418474940262542
-0.02690978910301922
0.3488998019854215
0.7971506756856057
-0.5163838923948574
-1.8830401964421002
-2.085726775608598
0.3042179170551029
-1.2404685175526953
-2.9833872070315985
-0.1309788571803674
-0.8734536395994441
0.8707367749918822
0.5552208640966061
-0.07206383016591955
-1.9524939584644692
-2.1792639854502003
-1.8360620780812682
0.7388040050914142
-0.5328263822557973
-0.3500815161548534
-0.5178104294973953
0.10906283690011542
1.6332038528246153
-1.9540493859024584
-0.9757820000178352
1.8159508081763813
-1.6887609016728113
-1.9253017364350073
-0.11608740872822443
1.0743442222195778
1.1331553170412252
-0.2813386217040401
1.5620334401733427
0.7437727684696485
-1.431283875337313
-0.4390987585022237
1.4686084708872718
-2.0321730803309057
1.686482554394261
1.4871026643204759
-1.9179668607898273
-1.9131601852437479
1.3858109078199758
0.6114380304652309
-0.3699792585181969
-2.928075627681224
0.3887721708139087
-1.8350339038403414
0.13053140390983775
-1.3443456444808808
1.6348093103584371
0.35478347280707156
-0.6325580379742934
-1.5198893785879708
-1.6082574314583598
-0.542998091964777
0.9582754891766645
1.8119772596494874
0.9534234161193351
-1.7170605799806276
-2.1078180224170326
0.5154107076907744
-1.453217874031533
1.722625291178313
-1.479112053267686
1.022204827892905
-0.29870138383737066
0.6666133712059812
-2.400145354606387
-0.3389388450645976
-1.3137481990820534
-0.6231199365989668
1.8382922879979589
-2.0585409528531313
1.7583044806378587
0.6505053413243176
-2.813886379970426
-2.542931580353521
1.7610793215481069
1.2931216106351875
-0.9555195683394437
0.22586837146828964
-1.2479007994936762
0.16818077697165412
-3.0343460995737326
1.785891523267241
-5.408228035857891
-0.24310419837117925
-0.7840834441265718
-2.426211969813016
1.4341064044827356
-1.9017434411457774
-0.05152111699622708
-0.10258583998606108
1.0274405891202163
1.3055666552877185
-0.05193726785197139
-1.6530864979937436
-0.43021808168639764
1.448602181742911
1.8306610114523036
-2.8495988687251934
-1.0820601538525092
-0.6574362637522251
-1.50969238682094
0.074191887945537
0.4267422531924663
0.8284573628520882
-2.1503170952008333
-0.9978711134742282
-1.5157518027974963
0.5636600740071032
-0.3680991823647446
-2.447167368310904
1.3794160759162097
-0.5221558727687188
-1.4928025679327876
-2.5767020188964436
1.9424855602803697
-2.3968627590473632
1.333885355844228
-1.2293179762183146
-0.8869685218009247
1.5777416704580187
